$ANSIBLE_VAULT;1.1;AES256
33623761346661336533636162373363666335623236616237356630303962386566356634383461
3864303136376230623363653762633030386533616239660a303338616262623535656230653863
30626436326434666134373631383963616362656535323833613763623431393137633733623763
6438623761366633640a313730343239633539646162633134613431376635373061363463333165
62333438386535643231363265346437623139313430386435313564333762633964366561323333
63346663633431336334373336643132653334393237633236363166653830626330383736376234
39666530363234303063643132646338653535363763656137636137623663396132616261663837
64666239323237383131356432356530633335656337343132383036323661346532626632396430
37306466363636383561353435316537323237333639613963363065666433383139613931303664
65653539336238323338623536353932373330616464343064666235393166306465663137383564
62663663633334353862376335323666303463363333653036303834643762643039663266343230
64306136666632323166336438306362303763646138656631303433663962363437633536366436
37396433616536366633336464663334303436303231663734386633663831626532326534616565
32633336333038626562623762333838303231336136313966663438666536356461356337326434
39343761306330323332636461396632356133306261653537323261333063653665326531323136
32323539396666643236336564316262616638343531316131666639666336376266646238366265
38353964393936343461306230313031303134613735623833306265613262346161333662346533
38383866336331386231633633393835623665363238326266633738613135373231303362323965
39343337613335316439653336323738383034613066386530626537336363313430336134353138
39646537643032653834383035383737646564396435376230333664633935333238636465656664
36613736626632333834626539363138353835396135663936663637363239303266303963633934
36393161366361353634626531373634613166383265396530383837653835653436313464363030
38383762376631613363643962643865363263333261363362623662613331666262613962616562
66613464613939326130643139666161633035343434656665643565363035383362366335656132
35346338646330623332303330333961336265623537623337363766396430306465626238376466
32376236323964363163633264643331393039363366366637653265326139383830366663646639
31366331393730383934353938393364623065316533383961363438303239633936633035316133
32373131633735326638643663336138306139646239323536386432646335393961363864343335
62623465316563316137346463616634343838343136623732656633336232333537656131353631
66363863653236343631366261356664623139613035303766356364343639633234326330323662
38656663663536636564623239396665396439626339323931333935386663336661373634313732
38343766363761353735663638643439366261313732386364356339633439303037353365366536
62646639376131666161333438373161303838646361303230393330386261393763623863323437
38346439633535333365656436336639353738626137353234383635616230646132386130663161
33386535636439386262386536343837613764333465326561656666656163653162626266393063
65316162306337616535373530386461386166306637623438393935396636376331336163656437
63383538623934373738663835373232653734393538373833346162656335643138636638656364
31333735333435316166353630313366376434653434333038636235623661366335353962373165
33666431333932323439363833343061633534336363653862643439353636373437386336313965
62373133366437306263336339343534303038386132333232346263663331303738316566386537
30343363343937396462366266386337373833343132646135383636636132336434613232643133
65646130643435646539653366336637386330626337343739396534616331623935343733383733
37333530343864623539383934363532333030616432313364643639326538313763666363363930
61623631326266373365646466626131313131373637626463396432666236333061623736613566
34313935626531353133396331306463633733333965313739653437663939663634653937313136
64653837343033343963363261313162663564663136613736323764396363626666333130376363
61383731653332376664623938623139316462393330653038323735666439326363613736653932
36376662663631323638643033316433316331363236326639666538663937343264326635323362
38633662303264393831373061376564363631363065636333306330373331636231626262616364
62383137373761323063303462666564613761316662303730353336616434653366356135326437
38343566363564313738313964323163386430333164383432613631353039626363653031363732
62663334336132333462343464356339386435663533643331613133663166616430376236646431
39623463346666346633373037346364373830303239333361626637356662376136336233653065
35363833316130316432356337653764356239343238663862626263353564643638396137663664
32616263386162643063333936393166306531366333333037303365306664356130393832393837
64393032316463663864363962663234626639633033323664666662323735326436623731303063
32633962373234303638323230336135373635336363643164666237323964613062356130303862
31313730646438643065373138333232343866653934646133303436656461303662633536323230
65396237336139383936633264643836343233393337623138373534363761663530623361306433
34393664383234363230326264386365323930666666626232633334643238313837663235616264
37333138333037306636306633643263633362653163643864313062646162353362636166636465
65383339623062363865383962343065326661356636643638383632346634326537323065656466
65653761313235613734306138616132373033323432643232653335386333336637306330346136
37336436636438666665313031346437383238323130313832613330373631306333666134343936
35393738653330633562653265626665323862616363376265383163326466366561313238653539
62623466663736353764343232336236366563623836666637343937323966386136363831346365
65303735303635613039623263353066616332343866313431396563656434356363316435626133
30613130363430653339383631366666373763623834313636663663363262613561663330326635
65306538613765383366346130393636323630333031633130363230363339333832306436353839
64616335663835626466653136336262613837376262306532303531623963383232623366333431
31363963613161643537626666383064643635356433323830393433366332623831663936633364
66663738386361396565343037386132663166323661333337376431383338393564646433613136
35313030656232643436383130373035346162316337316530666261316630306239636238626236
37643630326137323539353938333466663965343765336162643839323937383463663034353737
63313439666536633034366464373431376635626164356563346562653033393563616464666538
36656633323934643061663466373730333530623561636231613064643939336165656163343761
33326431343636333330393836366536646264653534343565663761366438333436343763323231
30303132353738393339663735646165353938643733643435363933393035613134313661363232
61376430363737663936636432323239373865313235383564393464366566336432623237643965
64323336326463656364303534623837656563656538666633653231663032343739393163333832
39303939316262346630613437343531393731323436356261613235343639653033343261663831
31613163366138376464386664363063376330646564376465623038366533626430653935326136
61363866313530626463613039313738376230363137383234363664313663306536653032626534
66633334336166343062626363356462636361343136653564646233373639663739623437333565
66353936626532396161643365333835326230363637303135373236316531643265666666346464
64363038313831386436376637396136613065663839363939313962666566633165633564313539
34666465373030626463373264643835373264643239363566353330333235346464343236343933
31326435353338303437373266636263393037336438623536616633323036363339613738656565
66333661333430363531643137633862616465643663396433373633616530366632373239383237
38393932393730343039633334333162306161656434373039653437656435656364636262383963
35353261656464616436323634313333373633306163356630656534346431656363306164356165
36366336373361653066343336333562373833336133646336306339336330616438653461393330
32326237616336373239646262616666353131353439303135366435623130623439326364313632
33356536343734323063633033646533623438653463326238306666656133346130623733353136
31666539656233323566313165353265363539396662663433623262366462333235326132633639
38663362333032626337663138373033626164336531343230323335353266323363616234333966
34363361343335363531383734363030333561653634336263346231363266363335333666653065
30663661363037323965623635333562643566656562343234363835376534646631353735313434
66336131623039353932366430666137343636396364313161666463313337306636333735373530
66656136393062383833656663333133376165636234373532323532346232373333626531656333
31393131393962356362323766386364323531326565363333643862306239343930366261666439
36326465383539363237303563393836366265366362653033373166303264346534653635313465
33333234633966363965333734643966613635346465326234306662663263303863346334343366
39333037343064613138363438313135643637346366653235356266383030373338393738326362
64653631316265333964633431663866303238353534303833303563393034336433303138343339
33633830666631356438316231373638343239383138616438353063633461336639356463343838
336139326330656163303036323461326630
