$ANSIBLE_VAULT;1.1;AES256
32656337643731396533663564363130636538313338613066616134646338336366333866386266
6636353738393362653134633230636364383937346435300a663733303430313334323465303435
33633131313532313036383265383066386536363138386635326634383765663933643161316662
3432613234353462360a353534393531666235613162303439393366383431656630643433323564
63316330353431313661616537306334333762313036356633366562393566313966316435333466
61326364303263623962646236333663643639393331646233646530373737326265323333386530
63636131313865633238373831333237633134383037646233643738313731663832643130383638
34346133323062353237313233646634636162636666666462393664656239316632366135613137
31656539666534613830396265656537353336353939316464333266616664303463316362363064
61303830383330336466653862313439333832306564316437373637363036373364643036306161
65613739613661633532316163363139643633303237343337386132356335353531656365336431
39613763333363373936353563636464383565666431643833366466663562663234313763356237
37373263373464633035313433306630303436323430633734353563656632393239313963396633
39303332616335646261656530613830613765303835623832366630656633326439313839343266
65633166656637343539393036393663653334356436316566386634333763313537626636633836
31613331666634653438333035363131653734383131383932336462313762366364353238613937
36343135303162653134646465643464393332373763376462613266383763356135383332663538
33393931653135316535316133336635643466653236613737633037376233303534636533623831
35363630663237383964306338386338656638343732366236376262646633653330393636343733
34653839633461313231363433393865613763623039366339353332383761303638643266336263
64313935306162636261326638346430316138393731333233343562323533346337613038333634
64326166336331386338396132336439306633363462336663363634613330656166323639383765
31383539336361303830316263336365353031303365373835393330663166643336663739653335
39313330323434336132313262386465326134353634373435366334323538613062376262303639
64623030346539353131366562323466643339643233613764656361373631653937623538636461
61616365323066346533373038313135353564336431383864373237363832613766393232633230
32316335656438373033376639383662306235376632396238333562346537643562623737663539
65343966353166323439343731306466616166393533393030653137386638383033613031376564
31303531633839323465373734383739303232386239323436633664613431333638663037313063
34333531383231643338316135646132636365366135303338313063613539386233323030353961
31656231383039643633623863613436636262626432313931303734376436336231633330396264
36346437373738653936386262366434666233333239386139386563313331303834316566613939
35623162633466643932393039303635633738626239353562653930356539353464616431623138
32633035643131386462643163653138343738303463623038316233613637383637376662653363
35336665353764393836303730363062363235343231623531316235336165336238373331326638
61313336343135343739313030363133346433326437333231363233306131353733633735306334
34326266373636333466646664336434666435643734656665656266373535346231373432313066
65316238336664623863323938656666346636656536313632336335633833396531666431666533
37646637626330333130656437303566333630383531366534306138393361663761653236373332
66623830613932376364626365353765393435636363353131653166653966623534353036376133
63333136336335353061303637366231623563353139643464376365643865336163356438343430
38303338383533633665373633646439626333613335373537653731616261656134383532343863
61323566313535343631336437636536373237646164623230373239346133343031373134623761
61343666363136326166623534353538353235653637393564643835333836343739653765643932
64323166656439636563636438386638663734666662633537646530356465346265393634313638
66396234346363363662353562366664616366356664623037626534303336643265326661613437
61323332636537373832626165613536356336306433323031643062326536383365326433356330
33396530616134356234666234303161323038636266306235393261646134336363646662303731
30373835303339366131383439386365616165366639373938393935653437313261633566346534
37646138316134343364636666623030383166626536393464383735346235323063333031646337
34363630386433313161313363356435656464316630386662653334353262336636646662643030
39346134336331616362336466666131656538376464393336343430383831353537623333623632
30656134666538316165396539616163326662326437353733343432636462656338353832646431
35616163376366346366363334663831393766343665666330326364636563323563353166613231
33346533336538333066303562333262663165333334636463633830366235343730613432653834
38316432356265306465376261316261623561336266373636663263323336646231656537306231
37393837356365386530666430623132353065323030666331633031346165396263363264336236
36366162303035666665653665623535656562386531313165663465333332666362316363663361
63373565363834656162313430653833393166626230363663336134366431616666633033643735
61313830623664653034393836363631363936383065623930663363306465316662623335646635
61613362633932383631316530323030333532646362383437666138646138616364626661336330
36383933353036356565633964326538633162366131323866326266623435323236376661313966
36366130373333663738323461326465343861343663303432373039636136376537346131646362
37636132663364663332373466663232326131633362373837646262313034323832623536626561
39373765386165356666313763356665653238353166383239646365363037623330623061663732
61376331353133336564613761363765616331363731363631333061306339633935353365323738
66363637376137646663636665633966333130653436383733306332303561393336343834373138
30363566336535363465633964653533643264633236316630386634363135353238636566333662
39313235383565643661343939316634623764646337373131323738333038663733376439393539
63663130663633323738386539613763633663343637393534356364343431383534333138346361
39613965613461616664323362613861333463376664653633356633346135376461613566383531
62383066396662666336623330623164626139383239383465316530396363636233336261643137
66313839613539653066613761666665623363633130656562343364656333643931346237383966
35303661646231333131646664656264313164386438343566336434653564323264616662666163
39336534393936326534333632323132663436356665313166393037383036386233613736306238
37313465316663313465623036663739366263363736653262646538326461376565336262303566
33363962663263393033313135623635313932643531353437323165633136343462633737343230
62366630313164623366646533306333666432316132656332633665653364313061323631353431
64613464623637353764323963666238306362646531633532336639393633313662666364616437
61653237623532636539313761353864363763613765346236633834643436643332383432393138
30333932633266643837346535633131383437653935643364336435636463356464643066623562
39656261383235343238303666646461306265333236623061376531333833623633303462393634
61343234393635336639376533613239336437313035386633383535303630306566363338313466
61303361303534313332383535356335373265366232326166653465336633303136656230303364
65663730376233626335336538396638656239393763313266636339316266663963626639383766
61333431323163653863363439393962613630656362643337336133393263313661326334633363
62396564376366616365366136633432346165613231623731343538393166633962383330666661
66366263623666356434326632623936366134626632636232396433383062383963393435643631
35343133313265393761376361633937303463343830343831366239646539643336643739656561
36313132356464363237303262343231333233396362636265396362353966323433353165626136
35306564656332393962326663653636386530613466383633326562333032643537386239323932
62656262316533373930653331346261336638613764373635333231613732333339636138656362
30623631666363393362626136633665343765306363623935623063313963306563363233633537
66356366353338623136636635623432363933343436353639383931316262613665656561633161
30626261346336663664646332333762333839623730313432386532643031356435396261623831
63396461653533623836663866353033386235333839623566633363623730386434326333363931
61356537353064356634623862656232393361323237626134646263366635613438363965316462
35306435316363353831333838383638323939376262656337633561363133313266306461353030
31616235653662393931313035663666643333616461623261323831343130356566643464396631
34393938616533396631633564623164363138656166346436353464666563663564656665343335
37326539323364303263353536356135346637373565343866346338343762393738383266326435
62666364393232666537643439613038393661363161643861396134373535353538316435626632
34353264653166626331336238626364623666393662386163303334396362316132373936326339
38323034653265333138386130613438326665326162383866616663353065333837376234383932
65353461633932613039333364633834623163343132306266306132623965303239353631386336
33663863333137373631663836353161376462376564323261363361663038393633633433633832
37313330656162353064373965346433303132356135356262666437383833303166393163613439
64333533313031616438623364343732666434623134663731373138653732316638326261356432
34666436303839636634366236613765383138316332316136376661656465613331353663333263
35396536656535353830643430326235376430373538666134633437343634636634396635343565
65626432313861393236326535303437333165663437363366633164343439336539383335363438
61623334303132386337363563393433306263346566306630653935613332656537393134663264
64373332386663653435613836303135323265613361383665386332643865303766383434616465
66396161633836623831353339646434643335303561636466626331656334666366333364386333
63376636653661376437363961663736303862396161346433346537326161383830356563373733
66383936633266346266636238333332393838653235653861323035656535373332646233663530
63656666653764356435653231356634633139653236376639363166383031623465306635316463
39373135613136383932333634353363313730363538356663353336383336376362313130376366
37333831663063666364386135346161383666393338323863396433633764663466386465363332
66326239343935336233323539333030386566316263633961656264323039366462383566363635
31346334396438393530623630663164636263356630323238376539623865633166663766373334
36393935346262616163663136393666373137333339306265366432643435653664636535666564
65396563663564366432393866663262656233383736323137623662383064396264303065383339
38386362623137623539633239663534363365356131316130353734346263333938323935633562
30653437666165323661343161353239316435653533653363613166363235313430396630356232
30333134343432356431383936303536333966623465306536343032376363303964333035363130
32333833633238326532336262626434353135306137356431613232376237373836313966613237
65626432376230363966653337393339363362623134623465336536633433633963363333663539
31656161343664346232616165373762663732363732626264636531663163313363626162333835
61633236356136376165323835643561613037316463663631313066346563623162336534366163
63363035373636313033346365336366303362343832336361373638366262636233646464653435
37383963363039306364376139383938616232623133653561386535663830333131346365653061
38373530363739623861316230663465333363633232323363363032613138353164363838386234
33336435366238643732303438383333313063346465373661393464363662366433306330646361
32323563386265313066656136346239306239333236636566336564333866333639343135316233
35366133656438666136366161383563633236633533353334313130636661303661663131303238
65633639373035656161346632363835656430636465363132353665326665393932336663323462
32303931363439386362303135616639333366336336653062376634663961393666396638323730
63306438663431373662323436363337303434303335613737393133376361383562363662636238
64383536613537393738326432356630343761306436303230383934643435646530616662303435
31326433653561363561323938383534396433356534623831313661343334633930643033646634
31346266636265343439383033333931616233646165376633663439623339656465343131343732
61653037323938303166316130383733653433366532663033333832326638343039323633356666
63326461323539353034363265663630383836353436626630303133616539313463636435646565
38383365316534333265323962616166336632383139353566366536653863653236366564363462
39383665633538393161356166393939393266313036336139306662326439663664646135353661
62343166396432326533323264653361626365353131646636323434353865633066633835643061
62636239333564303334333662663162326563623839613135626533363232313461303463346561
38656263656661323637323161633061663732363763313731323262666339613265666239346565
36613835343738363037376365653539616266653336666331626233656466363666393161323335
62303035653832383566363138633435303065636165326562313766323566643736383830613230
37623931326630353430653538323066303566323430623861316633316662623262363730396439
34383830373365333362336463616538353465383032353930313363353732366638346232366137
62316563633338366331306464333030393737656534386464303132366562636635653536383639
39663837303231666433356665383235633339623363653436633135663262633837663866313432
32396363623139313532363332643233313536376236356164366337646338616535376133376139
63653363653161323964343464373431383831616130303935303665383236613936303339343665
62336337316437333964316237633234613634336466616139393739393064393735656166626639
66373338333863333537613139666164633236373463616532303830316433623634333462396162
34363933613064646332393037363630646433323734653731303762623035353362653832346364
33323564343539306537633634343266613732336137333866656437333130373632376636393264
64323034633935646231646663663735623861373464393333343563393732303637386437303562
31356465343934336564366535323632333033303331646538316565613661386235323561396539
36366430363863383130633236653635646262323135313963366465326662646564363639393365
35363534373935366533373663326363316230623065613331393439626332336334646663373063
66393262366532383661666138333238616531356233623562643839313536666131303566353362
64373639623861336635363334643337366134303661636236653936623032666236356666653665
38653832393831633532303630613262633263636239313066333339323933653966646261333361
31336534663765633462636138303862663366656434663036343631313761656464323038613737
64346632383637626263333033663762346661373535613436626663623036366264653866343565
37333765366434373766313134333665666238333339323937303236613666333834666564373234
36623565313731656162366438353733396432316665383230363464326164383531373332326362
35336132316339663135613361323863643466386338663464343261303566643834623032666665
33666634636632336131613338326534636232356536383666396337353132396538313833343562
33336538633762336663653437326131623762643631613065383930373765666137373732373962
63613433343961346637386536333633316535363062613262356135333164373332396433313531
35616331393031323363363766653064666133376138636637363930633938326634383765656366
32363864393435613930303062623431386365666238343538303437663038663332363037623030
38336165326532646637303131643466396633386330313938353961373133343264633065643761
61663037653165323564333264613939623163616132383263326335623830653966396464333035
35623461646565373435306365353066643730333464336536333433646139633935323334333765
39636537343530616163393832613565366463313936303265643065313238333535613264396534
64646161333064313335373366623863333730383139386534323833653462663130393536303033
33633233356462356530383034346232656237653236623162663964646130343361636231666139
64666462333664633933323661626132326661306331373239376533343130343436626661316166
38656164313965363863653330313731353863653730653865366536346134346635383135343030
39353532356131666532386330656464346662646433343464313138336637306333306230633337
33653439613266336639636662333063636437386339333636323833376637336338643938623038
37613865333363326664646361613664616562386632343632373236343439633637376636626632
65646130326633656138623234383466646632643536633338616637303130616431343533633437
65626430666234646635396561663664653134326530643832613366663266323037356139633266
62633361623634653233386162633864666333383061366530373731343839623666343262353534
63373039636335326332653765643364373834333834313633363730303137343666366538653233
33306463356430333734306436343332643462346336373735313432653333323539373935383865
35653337643666343131363632633030306537643963366331623061643062633633363161663463
39646361316663633331383364646563343538653766323934376435343332363537353731383761
64653663636631336666313966313234623535633863323130616532623332366538616163346539
36313263363565353363383736346239366264316335636566663962373438663766653330323833
66633234333463366532623330373263386637393634663666633836666164633431313164376432
34303735633637326233626365363262363663323737653131373566663236383866376561636230
33383331303335623032363231613832613538336665633131316134656661663638366165626161
61636537356266313265353235356435373130323963373635343338343038383665316632393135
34636361386638613761356463323062323239306265393266643336636635383064316233613834
31303035363636396462653232316365636538343661353365366165366538343462333039303066
32666532363139326436386235636631343939663138383333613139396363613261343463353938
65653563393130333337653065656436353362323064623563373232323531353432653764353134
64663535363366343439653433623664363839656666343533663032636262303339633135323461
62313266353861313566
